NACA 4309
0.99708647	-0.02033290
0.99609604	-0.02001367
0.99312826	-0.01905917
0.98819388	-0.01747902
0.98131068	-0.01528903
0.97250367	-0.01251092
0.96180492	-0.00917192
0.94925366	-0.00530436
0.93489620	-0.00094507
0.91878588	0.00386515
0.90098302	0.00908215
0.88155475	0.01465898
0.86057489	0.02054653
0.83812377	0.02669403
0.81428795	0.03304955
0.78915997	0.03956049
0.76283807	0.04617394
0.73307153	0.05102444
0.70420491	0.05518474
0.67447750	0.05921499
0.64401045	0.06307476
0.61292849	0.06672520
0.58135940	0.07012922
0.54943360	0.07325180
0.51728353	0.07606029
0.48504319	0.07852473
0.45284758	0.08061822
0.42083205	0.08231734
0.38913178	0.08360253
0.35788112	0.08445855
0.32692350	0.08483231
0.29628838	0.08437094
0.26652191	0.08302936
0.23776517	0.08085797
0.21015405	0.07791872
0.18381811	0.07428386
0.15887941	0.07003448
0.13545165	0.06525887
0.11363930	0.06005059
0.09353707	0.05450649
0.07522940	0.04872452
0.05879026	0.04280157
0.04428303	0.03683133
0.03176060	0.03090212
0.02126551	0.02509492
0.01283020	0.01948158
0.00647734	0.01412315
0.00222014	0.00906855
0.00006265	0.00435356
0.00000000	0.00000000
0.00199196	-0.00387085
0.00598984	-0.00714845
0.01196350	-0.00984296
0.01987494	-0.01197131
0.02967874	-0.01355706
0.04132264	-0.01463014
0.05474810	-0.01522663
0.06989104	-0.01538848
0.08668249	-0.01516315
0.10504931	-0.01460322
0.12491474	-0.01376591
0.14619900	-0.01271253
0.16881970	-0.01150782
0.19269209	-0.01021916
0.21772929	-0.00891575
0.24384227	-0.00766760
0.27093980	-0.00654444
0.29892827	-0.00561458
0.32771145	-0.00494362
0.35759130	-0.00451632
0.38834728	-0.00403881
0.41956806	-0.00349862
0.45112940	-0.00292151
0.48290523	-0.00233163
0.51476805	-0.00175085
0.54658943	-0.00119832
0.57824049	-0.00069010
0.60959245	-0.00023893
0.64051713	0.00014592
0.67088756	0.00045854
0.70057843	0.00069630
0.72946676	0.00085958
0.75532972	0.00083136
0.78215544	-0.00148990
0.80782777	-0.00376965
0.83223918	-0.00599008
0.85528710	-0.00813294
0.87687428	-0.01018004
0.89690927	-0.01211362
0.91530680	-0.01391677
0.93198821	-0.01557373
0.94688187	-0.01707009
0.95992351	-0.01839300
0.97105661	-0.01953125
0.98023272	-0.02047538
0.98741178	-0.02121767
0.99256231	-0.02175211
0.99566173	-0.02207447
0.99669639	-0.02218220

